30
0.0 0.0
0.0 1.0
0.0 2.0
1.0 0.0
1.0 1.0
1.0 2.0
2.0 0.0
2.0 1.0
2.0 2.0
3.0 0.0
3.0 1.0
3.0 2.0
4.0 0.0
4.0 1.0
4.0 2.0
5.0 0.0
5.0 1.0
5.0 2.0
6.0 0.0
6.0 1.0
6.0 2.0
7.0 0.0
7.0 1.0
7.0 2.0
8.0 0.0
8.0 1.0
8.0 2.0
9.0 0.0
9.0 1.0
9.0 2.0
36
0 3 4
0 1 4
1 4 5
1 2 5
3 6 7
3 4 7
4 7 8
4 5 8
6 9 10
6 7 10
7 10 11
7 8 11
9 12 13
9 10 13
10 13 14
10 11 14
12 15 16
12 13 16
13 16 17
13 14 17
15 18 19
15 16 19
16 19 20
16 17 20
18 21 22
18 19 22
19 22 23
19 20 23
21 24 25
21 22 25
22 25 26
22 23 26
24 27 28
24 25 28
25 28 29
25 26 29
6
0
29
1
28
2
27
0.0 0.0
0.0 0.0
0.0 0.0
0.0 0.0
0.0 0.0
0.0 0.0
0.0 0.0
0.0 0.0
0.0 0.0
0.0 -0.25
0.0 -0.5
0.0 -1.0
0.0 -0.25
0.0 -0.5
0.0 -1.0
0.0 -0.25
0.0 -0.5
0.0 -1.0
0.0 -0.25
0.0 -0.5
0.0 -1.0
0.0 0.0
0.0 0.0
0.0 0.0
0.0 0.0
0.0 0.0
0.0 0.0
0.0 0.0
0.0 0.0
0.0 0.0
